x<-23;
y<-25;